200 11.590 673.920 1.34452 1.41021 118.87
210 11.430 664.350 1.25705 1.30680 120.28
220 11.260 654.670 1.17502 1.20796 121.98
230 11.090 644.880 1.09782 1.11337 123.94
240 10.920 634.940 1.02495 1.02277 126.13
250 10.750 624.830 0.95595 0.93593 128.54
260 10.570 614.510 0.89042 0.85268 131.15
270 10.390 603.930 0.82801 0.77288 133.95
273 10.340 601.090 0.81202 0.75238 134.73
273 0.047 2.709 0.00040 0.03590 94.82
280 0.045 2.629 0.00039 0.03714 96.22
290 0.044 2.529 0.00037 0.03879 98.31
300 0.042 2.436 0.00036 0.04040 100.54
310 0.040 2.351 0.00034 0.04199 102.86
320 0.039 2.272 0.00033 0.04356 105.25
330 0.038 2.199 0.00032 0.04511 107.68
340 0.037 2.130 0.00031 0.04666 110.13
350 0.036 2.066 0.00030 0.04819 112.61
360 0.035 2.005 0.00029 0.04971 115.10
370 0.034 1.949 0.00028 0.05122 117.59
380 0.033 1.895 0.00027 0.05273 120.09
390 0.032 1.845 0.00027 0.05423 122.57
400 0.031 1.797 0.00026 0.05573 125.04
