200 11.610 674.840 1.35051 1.42670 118.76
210 11.450 665.330 1.26327 1.32369 120.15
220 11.280 655.740 1.18149 1.22527 121.83
230 11.110 646.040 1.10455 1.13112 123.75
240 10.950 636.200 1.03196 1.04097 125.91
250 10.770 626.200 0.96327 0.95461 128.28
260 10.600 616.010 0.89808 0.87186 130.84
270 10.420 605.590 0.83605 0.79259 133.59
280 10.230 594.900 0.77686 0.71667 136.52
290 10.050 583.890 0.72023 0.64400 139.63
300 9.850 572.510 0.66589 0.57449 142.95
310 9.646 560.680 0.61360 0.50806 146.49
320 9.434 548.320 0.56311 0.44462 150.29
330 9.210 535.310 0.51417 0.38410 154.41
340 8.972 521.490 0.46650 0.32639 158.95
350 8.716 506.640 0.41978 0.27138 164.06
360 8.437 490.410 0.37359 0.21888 170.09
368.76 8.166 474.640 0.33306 0.17477 176.63
368.76 0.614 35.708 0.00716 0.02611 150.15
370 0.609 35.375 0.00703 0.02670 148.90
380 0.569 33.078 0.00624 0.03087 142.82
390 0.538 31.255 0.00569 0.03441 140.36
400 0.512 29.735 0.00527 0.03758 139.56
