200 11.610 674.980 1.35143 1.42923 118.74
210 11.450 665.480 1.26423 1.32628 120.13
220 11.280 655.910 1.18248 1.22793 121.80
230 11.120 646.220 1.10558 1.13384 123.73
240 10.950 636.400 1.03303 1.04376 125.88
250 10.780 626.410 0.96438 0.95747 128.24
260 10.600 616.240 0.89925 0.87480 130.80
270 10.420 605.840 0.83727 0.79561 133.53
280 10.240 595.180 0.77815 0.71977 136.45
290 10.050 584.200 0.72159 0.64719 139.55
300 9.856 572.860 0.66734 0.57777 142.85
310 9.653 561.080 0.61514 0.51145 146.37
320 9.441 548.770 0.56476 0.44813 150.14
330 9.219 535.830 0.51596 0.38773 154.21
340 8.982 522.100 0.46846 0.33018 158.69
350 8.729 507.370 0.42196 0.27534 163.71
360 8.453 491.320 0.37607 0.22307 169.56
370 8.145 473.430 0.33018 0.17314 176.87
375.61 7.953 462.260 0.30409 0.14600 182.10
375.61 0.715 41.542 0.00862 0.02400 159.30
380 0.690 40.086 0.00806 0.02623 153.78
390 0.644 37.415 0.00715 0.03054 147.20
400 0.608 35.308 0.00651 0.03422 144.38
